EXECUTABLE BUG-ALPHA SCAN
========================================================================

Executable fair-cross counts by product/day:
 day  product  sell_edge>=1_ticks  sell_edge>=2_ticks  buy_edge>=1_ticks  buy_edge>=2_ticks  max_sell_edge  max_buy_edge  mean_spread
   0 VEV_4000                   3                   0                 10                  0          1.000         1.500       20.765
   0 VEV_4500                   3                   0                 10                  0          1.000         1.500       15.784
   0 VEV_5000                   0                   0               2086                512         -1.052         4.139        6.002
   0 VEV_5100                  27                   0                  0                  0          1.879        -0.596        4.320
   0 VEV_5200                2929                 600                  0                  0          3.902         0.912        2.926
   0 VEV_5300                5283                2807                  1                  0          4.590         1.141        2.161
   0 VEV_5400                   0                   0               7447               6106          0.237         4.891        1.430
   0 VEV_5500                7716                6975                  0                  0          5.539         0.517        1.181
   0 VEV_6000                   0                   0                  0                  0          0.000        -1.000        1.000
   0 VEV_6500                   0                   0                  0                  0          0.000        -1.000        1.000
   1 VEV_4000                   5                   0                  7                  0          1.000         1.000       20.774
   1 VEV_4500                   5                   0                  7                  0          1.000         1.000       15.813
   1 VEV_5000                   0                   0                 13                  0          0.074         1.850        6.008
   1 VEV_5100                   0                   0                717                646          0.884         7.619        4.257
   1 VEV_5200                4206                 852                  0                  0          3.833        -0.583        2.878
   1 VEV_5300                9168                7121                  0                  0          7.013         0.002        2.109
   1 VEV_5400                   0                   0               9994               9147         -1.968         5.593        1.386
   1 VEV_5500                9991                8552                  0                  0          5.517        -1.921        1.153
   1 VEV_6000                   0                   0                  0                  0          0.000        -1.000        1.000
   1 VEV_6500                   0                   0                  0                  0          0.000        -1.000        1.000
   2 VEV_4000                   4                   0                 13                  1          1.000         2.000       20.900
   2 VEV_4500                   4                   0                 13                  1          1.000         2.000       15.961
   2 VEV_5000                   0                   0                  1                  0          0.101         1.537        6.120
   2 VEV_5100                   0                   0               8606               7358          0.352         8.241        4.311
   2 VEV_5200                1588                 124                  0                  0          3.486        -0.311        2.860
   2 VEV_5300                9980                9537                  0                  0          6.360        -0.927        2.051
   2 VEV_5400                   0                   0               9938               8328         -1.854         5.054        1.328
   2 VEV_5500                9934                7832                  0                  0          5.389        -1.820        1.116
   2 VEV_6000                   0                   0                  0                  0          0.000        -1.000        1.000
   2 VEV_6500                   0                   0                  0                  0          0.000        -1.000        1.000
   3 VEV_4000                   2                   0                 16                  2          1.500         2.000       20.586
   3 VEV_4500                   2                   0                 16                  2          1.500         2.000       15.608
   3 VEV_5000                   0                   0                  1                  0          0.946         1.214        5.764
   3 VEV_5100                   6                   0               4042               1889          1.406         6.880        3.956
   3 VEV_5200                 178                   1                  1                  0          2.296         1.034        2.535
   3 VEV_5300                7618                2737                  0                  0          4.154        -0.753        1.759
   3 VEV_5400                   0                   0               4478                219         -0.285         3.105        1.198
   3 VEV_5500                2003                 141                  0                  0          3.398        -0.292        1.058
   3 VEV_6000                   0                   0                  0                  0          0.000        -1.000        1.000
   3 VEV_6500                   0                   0                  0                  0          0.000        -1.000        1.000

Economics if we hit the bug and close later:
 day  product side  thr    n  mid_h1  cross_h1  mid_h5  cross_h5  mid_h20  cross_h20  mid_h100  cross_h100
   0 VEV_5000  buy  1.0 2086  -2.783    -5.741  -2.645    -5.597   -2.120     -5.082     0.100      -2.881
   0 VEV_5000  buy  2.0  512  -2.537    -5.438  -2.326    -5.246   -1.653     -4.570     1.087      -1.871
   0 VEV_5000  buy  3.0   69  -2.297    -5.130  -2.551    -5.362   -1.848     -4.667    -0.246      -3.101
   0 VEV_5100 sell  1.0   27  -1.926    -4.111  -2.148    -4.333   -2.352     -4.593    -3.759      -5.963
   0 VEV_5200 sell  1.0 2929  -1.364    -2.805  -1.353    -2.793   -1.456     -2.898    -2.048      -3.493
   0 VEV_5200 sell  2.0  600  -1.232    -2.652  -1.231    -2.642   -1.454     -2.874    -2.914      -4.340
   0 VEV_5200 sell  3.0   25  -1.260    -2.680  -1.240    -2.600   -1.240     -2.640    -3.540      -5.000
   0 VEV_5300 sell  1.0 5283  -1.031    -2.111  -1.030    -2.109   -1.042     -2.123    -1.177      -2.259
   0 VEV_5300 sell  2.0 2807  -1.006    -2.084  -0.993    -2.072   -1.010     -2.089    -1.143      -2.226
   0 VEV_5300 sell  3.0  845  -0.948    -2.044  -0.939    -2.020   -0.905     -1.994    -0.893      -1.976
   0 VEV_5400  buy  1.0 7447  -0.702    -1.412  -0.704    -1.417   -0.712     -1.424    -0.740      -1.453
   0 VEV_5400  buy  2.0 6106  -0.681    -1.379  -0.685    -1.392   -0.703     -1.408    -0.743      -1.450
   0 VEV_5400  buy  3.0 3566  -0.626    -1.305  -0.626    -1.325   -0.621     -1.325    -0.614      -1.317
   0 VEV_5500 sell  1.0 7716  -0.585    -1.173  -0.584    -1.173   -0.583     -1.172    -0.582      -1.170
   0 VEV_5500 sell  2.0 6975  -0.580    -1.166  -0.575    -1.162   -0.569     -1.156    -0.553      -1.140
   0 VEV_5500 sell  3.0 4892  -0.561    -1.140  -0.551    -1.137   -0.533     -1.123    -0.473      -1.064
   0 VEV_5500 sell  5.0   62  -0.427    -1.032  -0.331    -1.016   -0.137     -0.839     0.726       0.000
   1 VEV_5100  buy  1.0  717  -2.202    -4.418  -2.239    -4.452   -2.370     -4.585    -2.787      -4.997
   1 VEV_5100  buy  2.0  646  -2.210    -4.435  -2.240    -4.459   -2.347     -4.569    -2.713      -4.923
   1 VEV_5100  buy  3.0  485  -2.192    -4.414  -2.227    -4.442   -2.197     -4.417    -1.799      -4.014
   1 VEV_5100  buy  5.0  150  -1.987    -4.193  -2.067    -4.247   -1.768     -3.966     0.192      -1.993
   1 VEV_5200 sell  1.0 4206  -1.328    -2.744  -1.308    -2.722   -1.342     -2.757    -1.278      -2.690
   1 VEV_5200 sell  2.0  852  -1.231    -2.640  -1.228    -2.643   -1.234     -2.643    -1.221      -2.633
   1 VEV_5200 sell  3.0   44  -1.170    -2.591  -1.114    -2.568   -0.864     -2.250     0.500      -0.932
   1 VEV_5300 sell  1.0 9168  -1.041    -2.095  -1.044    -2.098   -1.062     -2.116    -1.119      -2.173
   1 VEV_5300 sell  2.0 7121  -1.023    -2.073  -1.026    -2.077   -1.056     -2.108    -1.122      -2.175
   1 VEV_5300 sell  3.0 4465  -1.003    -2.056  -1.007    -2.061   -1.023     -2.076    -1.137      -2.192
   1 VEV_5300 sell  5.0  691  -0.950    -2.032  -0.916    -2.009   -0.919     -2.007    -0.728      -1.812
   1 VEV_5400  buy  1.0 9994  -0.693    -1.386  -0.693    -1.386   -0.693     -1.386    -0.701      -1.394
   1 VEV_5400  buy  2.0 9147  -0.671    -1.357  -0.671    -1.363   -0.668     -1.362    -0.675      -1.366
   1 VEV_5400  buy  3.0 4259  -0.595    -1.261  -0.596    -1.287   -0.593     -1.296    -0.692      -1.392
   1 VEV_5500 sell  1.0 9991  -0.576    -1.152  -0.576    -1.152   -0.574     -1.150    -0.562      -1.139
   1 VEV_5500 sell  2.0 8552  -0.561    -1.134  -0.554    -1.131   -0.542     -1.121    -0.493      -1.072
   1 VEV_5500 sell  3.0 3477  -0.513    -1.070  -0.477    -1.052   -0.412     -0.997    -0.256      -0.838
   2 VEV_5100  buy  1.0 8606  -2.126    -4.268  -2.121    -4.262   -2.104     -4.245    -1.921      -4.063
   2 VEV_5100  buy  2.0 7358  -2.113    -4.247  -2.105    -4.239   -2.076     -4.211    -1.911      -4.047
   2 VEV_5100  buy  3.0 5373  -2.101    -4.238  -2.080    -4.218   -2.009     -4.146    -1.742      -3.882
   2 VEV_5100  buy  5.0 1744  -2.085    -4.242  -2.047    -4.202   -1.916     -4.079    -1.563      -3.728
   2 VEV_5200 sell  1.0 1588  -1.284    -2.743  -1.323    -2.776   -1.267     -2.727    -0.965      -2.416
   2 VEV_5200 sell  2.0  124  -1.262    -2.790  -1.415    -2.911   -1.234     -2.742     0.085      -1.403
   2 VEV_5300 sell  1.0 9980  -1.025    -2.050  -1.027    -2.052   -1.035     -2.061    -1.036      -2.059
   2 VEV_5300 sell  2.0 9537  -1.016    -2.041  -1.017    -2.041   -1.017     -2.041    -0.977      -2.000
   2 VEV_5300 sell  3.0 6846  -0.987    -2.018  -0.981    -2.014   -0.978     -2.010    -0.912      -1.943
   2 VEV_5300 sell  5.0  464  -0.898    -1.974  -0.881    -1.944   -0.889     -1.966    -0.807      -1.884
   2 VEV_5400  buy  1.0 9938  -0.662    -1.325  -0.661    -1.324   -0.655     -1.319    -0.659      -1.323
   2 VEV_5400  buy  2.0 8328  -0.635    -1.291  -0.631    -1.298   -0.642     -1.312    -0.718      -1.387
   2 VEV_5400  buy  3.0 3971  -0.631    -1.311  -0.631    -1.328   -0.663     -1.357    -0.828      -1.521
   2 VEV_5500 sell  1.0 9934  -0.556    -1.113  -0.556    -1.113   -0.556     -1.113    -0.545      -1.103
   2 VEV_5500 sell  2.0 7832  -0.538    -1.091  -0.526    -1.083   -0.507     -1.065    -0.431      -0.992
   2 VEV_5500 sell  3.0 3727  -0.550    -1.118  -0.538    -1.111   -0.506     -1.080    -0.442      -1.011
   2 VEV_5500 sell  5.0   44  -0.420    -1.000  -0.307    -0.841   -0.239     -0.795     0.159      -0.477
   3 VEV_5100  buy  1.0 4042  -1.869    -3.809  -1.827    -3.767   -1.598     -3.540    -1.021      -2.971
   3 VEV_5100  buy  2.0 1889  -1.774    -3.665  -1.740    -3.631   -1.375     -3.271     0.181      -1.733
   3 VEV_5100  buy  3.0  717  -1.700    -3.525  -1.719    -3.548   -1.518     -3.331    -0.143      -1.987
   3 VEV_5100  buy  5.0   32  -0.812    -2.531  -0.781    -2.594    1.172     -0.594     2.328       0.531
   3 VEV_5200 sell  1.0  178  -0.907    -2.136  -0.918    -2.158   -1.508     -2.751    -2.809      -4.063
   3 VEV_5300 sell  1.0 7618  -0.831    -1.709  -0.821    -1.702   -0.797     -1.677    -0.597      -1.476
   3 VEV_5300 sell  2.0 2737  -0.736    -1.596  -0.722    -1.589   -0.715     -1.582    -0.622      -1.488
   3 VEV_5300 sell  3.0  327  -0.564    -1.398  -0.492    -1.355   -0.536     -1.399     0.151      -0.685
   3 VEV_5400  buy  1.0 4478  -0.512    -1.090  -0.486    -1.086   -0.489     -1.093    -0.659      -1.264
   3 VEV_5400  buy  2.0  219  -0.425    -1.027  -0.393    -1.037   -0.475     -1.146    -1.189      -1.817
   3 VEV_5500 sell  1.0 2003  -0.497    -1.041  -0.455    -1.009   -0.361     -0.916    -0.115      -0.660
   3 VEV_5500 sell  2.0  141  -0.450    -1.007  -0.358    -0.957   -0.043     -0.624     0.752       0.170

First examples with edge>=2:
 day     ts  product side  edge     fair   bid1   ask1
   0 292800 VEV_5000  buy 2.527  254.527  250.0  252.0
   0 447800 VEV_5000  buy 2.153  258.153  253.0  256.0
   0 465800 VEV_5000  buy 2.324  242.324  235.0  240.0
   0 454700 VEV_5200 sell 2.047   92.953   95.0   98.0
   0 456500 VEV_5200 sell 2.129   90.871   93.0   96.0
   0 461900 VEV_5200 sell 2.006   83.994   86.0   88.0
   0 461500 VEV_5300 sell 2.009   38.991   41.0   43.0
   0 462200 VEV_5300 sell 2.009   38.991   41.0   43.0
   0 463500 VEV_5300 sell 2.056   39.944   42.0   43.0
   0 249500 VEV_5400  buy 2.083   22.083   19.0   20.0
   0 250100 VEV_5400  buy 2.032   22.032   19.0   20.0
   0 264200 VEV_5400  buy 2.083   22.083   19.0   20.0
   0 240100 VEV_5500 sell 2.004    4.996    7.0    8.0
   0 240400 VEV_5500 sell 2.004    4.996    7.0    8.0
   0 241600 VEV_5500 sell 2.004    4.996    7.0    8.0
   1 928400 VEV_5100  buy 3.559  193.559  188.0  190.0
   1 928500 VEV_5100  buy 2.271  195.271  188.0  193.0
   1 928600 VEV_5100  buy 2.271  195.271  188.0  193.0
   1    100 VEV_5200 sell 2.016   92.984   95.0   98.0
   1    200 VEV_5200 sell 2.175   92.825   95.0   98.0
   1    800 VEV_5200 sell 2.247   92.753   95.0   97.0
   1      0 VEV_5300 sell 2.479   43.521   46.0   48.0
   1    100 VEV_5300 sell 2.132   43.868   46.0   48.0
   1    200 VEV_5300 sell 2.051   43.949   46.0   48.0
   1      0 VEV_5400  buy 3.195   20.195   16.0   17.0
   1    100 VEV_5400  buy 3.194   20.194   16.0   17.0
   1    200 VEV_5400  buy 3.314   20.314   16.0   17.0
   1      0 VEV_5500 sell 3.397    3.603    7.0    8.0
   1    100 VEV_5500 sell 3.447    3.553    7.0    8.0
   1    200 VEV_5500 sell 3.583    3.417    7.0    8.0
   2  52900 VEV_4000  buy 2.000 1261.000 1249.0 1259.0
   2  52900 VEV_4500  buy 2.000  761.000  751.0  759.0
   2  52900 VEV_5100  buy 6.037  178.037  170.0  172.0
   2  53000 VEV_5100  buy 3.863  177.863  170.0  174.0
   2  53100 VEV_5100  buy 5.380  180.380  171.0  175.0
   2  48600 VEV_5200 sell 2.365   95.635   98.0  101.0
   2  50200 VEV_5200 sell 2.365   95.635   98.0  101.0
   2  52300 VEV_5200 sell 2.721   97.279  100.0  103.0
   2      0 VEV_5300 sell 4.122   47.878   52.0   54.0
   2    100 VEV_5300 sell 3.744   47.256   51.0   53.0
   2    200 VEV_5300 sell 3.383   47.617   51.0   53.0
   2      0 VEV_5400  buy 3.169   21.169   16.0   18.0
   2    100 VEV_5400  buy 2.732   20.732   16.0   18.0
   2    200 VEV_5400  buy 2.589   20.589   16.0   18.0
   2      0 VEV_5500 sell 2.923    3.077    6.0    7.0
   2    100 VEV_5500 sell 2.643    3.357    6.0    7.0
   2    200 VEV_5500 sell 2.397    3.603    6.0    7.0
   3 730000 VEV_4000  buy 2.000 1258.000 1246.0 1256.0
   3 878300 VEV_4000  buy 2.000 1237.000 1225.0 1235.0
   3 730000 VEV_4500  buy 2.000  758.000  749.0  756.0
   3 878300 VEV_4500  buy 2.000  737.000  728.0  735.0
   3  41000 VEV_5100  buy 2.156  166.156  160.0  164.0
   3  44200 VEV_5100  buy 2.237  166.237  160.0  164.0
   3  44300 VEV_5100  buy 2.237  166.237  160.0  164.0
   3 793100 VEV_5200 sell 2.296   76.704   79.0   80.0
   3    100 VEV_5300 sell 2.229   55.771   58.0   60.0
   3    900 VEV_5300 sell 2.860   55.140   58.0   60.0
   3   1000 VEV_5300 sell 2.360   55.640   58.0   60.0
   3    200 VEV_5400  buy 2.402   23.402   20.0   21.0
   3    800 VEV_5400  buy 2.494   23.494   20.0   21.0
   3    900 VEV_5400  buy 2.732   23.732   20.0   21.0
   3    200 VEV_5500 sell 2.553    4.447    7.0    8.0
   3    800 VEV_5500 sell 2.648    4.352    7.0    8.0
   3    900 VEV_5500 sell 3.379    3.621    7.0    8.0

Zero-tail queue note:
- Public tape has hundreds of VEV_6000/6500 prints at price 0.
- Existing traders that rest bid=0 still get 0 ranked PnL/trades on those products.
- Likely reason: bot bid at 0 has queue priority; our same-price bid is behind it.
- Raising bid to 1 crosses the ask at 1, so in normal rank it burns one tick.

Bottom line:
- Real bug alpha must hit executable bid/ask, not option mid.
- Deep ITM flash is mixed: VEV_4000 flash still helps, but VEV_4500 flash is a trap.
- Smile IV residual is mostly quote-making alpha because spread kills aggressive takes.
- Zero-tail @0 is visible in tape but not capturable in current rank without queue priority.

Ranked implementation:
- `ROUND_3/trader_BUGALPHA.py` starts from SIMPLEALPHA.
- It keeps VEV_4000 flash logic.
- It disables VEV_4500 flash-mid trading and uses only VELVET-source structural delta there.
- Rank result: 1,102,053.5 total vs 1,097,807.0 for SIMPLEALPHA, +4,246.5.
- Per-day lift: +1,416.0 / +532.5 / +1,638.0 / +660.0 across days 0/1/2/3.
- Control `trader_NOITMFLASH.py` was slightly lower total (1,101,863.5), so VEV_4000 flash remains worth keeping.
